[N
13
5
8 g_N_Bits
13
10 runner_cfg
4
8 g_Parity
6
11 g_Baud_Rate
9
3 beh
3
3 rtl
10
11 g_baud_rate
8
8 uart_bfm
1
83 C:/Users/t26607bb/Desktop/Practice/BFM/uart_bfm/vunit_out/modelsim/libraries/vw_lib
12
3 sim
2
7 uart_tx
11
10 uart_tx_tb
7
11 g_Frequency
]
[G
1
2
3
1
7
1
0
100000000
0
0 0
0
0
]
[G
1
8
9
1
10
0
0
115200
0
0 0
0
0
]
[G
1
2
3
1
6
1
0
115200
0
0 0
0
0
]
[G
1
11
12
1
13
0
0
0
0
285 0
97
99
116
105
118
101
32
112
121
116
104
111
110
32
114
117
110
110
101
114
32
58
32
116
114
117
101
44
101
110
97
98
108
101
100
95
116
101
115
116
95
99
97
115
101
115
32
58
32
116
101
115
116
95
49
44
111
117
116
112
117
116
32
112
97
116
104
32
58
32
67
58
58
47
85
115
101
114
115
47
116
50
54
54
48
55
98
98
47
68
101
115
107
116
111
112
47
80
114
97
99
116
105
99
101
47
66
70
77
47
117
97
114
116
95
98
102
109
47
118
117
110
105
116
95
111
117
116
47
116
101
115
116
95
111
117
116
112
117
116
47
118
119
95
108
105
98
46
117
97
114
116
95
116
120
95
116
98
46
116
101
115
116
95
49
95
99
56
99
57
55
56
48
102
52
101
55
48
52
98
101
102
101
56
53
97
48
102
97
101
51
97
52
54
56
98
54
48
48
52
50
98
57
53
57
98
47
44
116
98
32
112
97
116
104
32
58
32
67
58
58
47
85
115
101
114
115
47
116
50
54
54
48
55
98
98
47
68
101
115
107
116
111
112
47
80
114
97
99
116
105
99
101
47
66
70
77
47
117
97
114
116
95
98
102
109
47
44
117
115
101
95
99
111
108
111
114
32
58
32
102
97
108
115
101
1
1
1 285 1 1
]
[G
1
2
3
1
4
1
0
0
0
1 1
2
0
0
]
[G
1
2
3
1
5
1
0
8
0
0 0
0
0
]
