[N
14
5
8 g_N_Bits
1
112 C:/Users/t26607bb/Desktop/Interface_Course/FPGA_Projects/Interface/UART/uart/vunit_out/modelsim/libraries/vw_lib
14
10 runner_cfg
4
8 g_Parity
6
11 g_Baud_Rate
10
3 beh
3
3 rtl
11
11 g_baud_rate
9
8 uart_bfm
13
3 sim
2
7 uart_tx
12
7 uart_tb
8
7 uart_rx
7
11 g_Frequency
]
[G
1
2
3
1
6
1
0
115200
0
0 0
0
0
]
[G
1
12
13
1
14
0
0
0
0
345 0
97
99
116
105
118
101
32
112
121
116
104
111
110
32
114
117
110
110
101
114
32
58
32
116
114
117
101
44
101
110
97
98
108
101
100
95
116
101
115
116
95
99
97
115
101
115
32
58
32
116
101
115
116
95
117
97
114
116
95
114
120
44
111
117
116
112
117
116
32
112
97
116
104
32
58
32
67
58
58
47
85
115
101
114
115
47
116
50
54
54
48
55
98
98
47
68
101
115
107
116
111
112
47
73
110
116
101
114
102
97
99
101
95
67
111
117
114
115
101
47
70
80
71
65
95
80
114
111
106
101
99
116
115
47
73
110
116
101
114
102
97
99
101
47
85
65
82
84
47
117
97
114
116
47
118
117
110
105
116
95
111
117
116
47
116
101
115
116
95
111
117
116
112
117
116
47
118
119
95
108
105
98
46
117
97
114
116
95
116
98
46
116
101
115
116
95
117
97
53
102
98
101
55
101
54
51
54
98
97
51
50
56
102
54
56
100
52
97
48
100
98
50
100
50
100
56
51
100
99
102
101
97
98
99
56
100
101
54
47
44
116
98
32
112
97
116
104
32
58
32
67
58
58
47
85
115
101
114
115
47
116
50
54
54
48
55
98
98
47
68
101
115
107
116
111
112
47
73
110
116
101
114
102
97
99
101
95
67
111
117
114
115
101
47
70
80
71
65
95
80
114
111
106
101
99
116
115
47
73
110
116
101
114
102
97
99
101
47
85
65
82
84
47
117
97
114
116
47
44
117
115
101
95
99
111
108
111
114
32
58
32
116
114
117
101
1
1
1 345 1 1
]
[G
1
8
3
1
6
1
0
115200
0
0 0
0
0
]
[G
1
2
3
1
4
1
0
0
0
1 1
2
0
0
]
[G
1
2
3
1
5
1
0
8
0
0 0
0
0
]
[G
1
8
3
1
4
1
0
0
0
1 1
2
0
0
]
[G
1
8
3
1
5
1
0
8
0
0 0
0
0
]
[G
1
2
3
1
7
1
0
100000000
0
0 0
0
0
]
[G
1
8
3
1
7
1
0
100000000
0
0 0
0
0
]
[G
1
9
10
1
11
0
0
115200
0
0 0
0
0
]
