[N
7
7
10 runner_cfg
3
3 beh
4
11 g_baud_rate
2
8 uart_bfm
1
83 C:/Users/t26607bb/Desktop/Practice/BFM/uart_bfm/vunit_out/modelsim/libraries/vw_lib
6
3 sim
5
11 uart_bfm_tb
]
[G
1
2
3
1
4
0
0
115200
0
0 0
0
0
]
[G
1
5
6
1
7
0
0
0
0
288 0
97
99
116
105
118
101
32
112
121
116
104
111
110
32
114
117
110
110
101
114
32
58
32
116
114
117
101
44
101
110
97
98
108
101
100
95
116
101
115
116
95
99
97
115
101
115
32
58
32
116
101
115
116
95
116
120
44
111
117
116
112
117
116
32
112
97
116
104
32
58
32
67
58
58
47
85
115
101
114
115
47
116
50
54
54
48
55
98
98
47
68
101
115
107
116
111
112
47
80
114
97
99
116
105
99
101
47
66
70
77
47
117
97
114
116
95
98
102
109
47
118
117
110
105
116
95
111
117
116
47
116
101
115
116
95
111
117
116
112
117
116
47
118
119
95
108
105
98
46
117
97
114
116
95
98
102
109
95
116
98
46
116
101
115
116
95
116
120
95
56
102
102
55
97
50
52
57
55
53
51
48
56
57
101
49
54
52
56
99
50
56
102
57
52
98
97
55
54
56
48
50
53
55
102
102
48
49
99
97
47
44
116
98
32
112
97
116
104
32
58
32
67
58
58
47
85
115
101
114
115
47
116
50
54
54
48
55
98
98
47
68
101
115
107
116
111
112
47
80
114
97
99
116
105
99
101
47
66
70
77
47
117
97
114
116
95
98
102
109
47
44
117
115
101
95
99
111
108
111
114
32
58
32
102
97
108
115
101
1
1
1 288 1 1
]
